251946570697
251946578877
251946576599
251946576320
251946576154
251946571086
251946579839
251946572548
251946577854
251946574214
251946577135
251946578034
251946573719
251946571171
251946578446
251946578168
251946578598
251946577280
251946575066
251946579508
251946571685
251946570893
251946577903
251946574395
251946579083
251946578472
251946574008
251946577940
251946578014
251946576469
251946570726
251946577401
251946572888
251946576478
251946570692
251946572115
251946571941
251946579134
251946578649
251946575458
251946570406
251946572632
251946570770
251946574580
251946578509
251946575536
251946576769
251946574303
251946573415
251946573875
251946578858
251946574124
251946574586
251946572378
251946576241
251946579202
251946573846
251946574184
251946579943
251946573800
251946572371
251946570890
251946577266
251946574847
251946575105
251946570463
251946570655
251946570667
251946576243
251946577244
251946577951
251946573676
251946572230
251946576842
251946571203
251946576399
251946574207
251946572965
251946579921
251946579121
251946579444
251946571329
251946571662
251946576206
251946576068
251946571041
251946571144
251946571516
251946570690
251946579097
251946572941
251946576279
251946575757
251946572497
251946570512
251946575736
251946575307
251946577837
251946573314
251946578419